36.981895955403644 
26.14256451924642 
20.88766742706299 
17.758263645172118 
15.837686621348062 
14.02704315185547 
13.493343029022217 
12.812864112854005 
12.15252248764038 
11.673123429616293 
11.825104586283366 
11.881332448323567 
11.653901767730712 
11.331629225413005 
11.068174730936686 
11.971061573028564 
12.39825885772705 
12.39160104115804 
12.351703561147055 
12.18113426208496 
13.887405618031819 
14.56067699432373 
14.79880121231079 
15.05269500732422 
15.030554186503092 
14.83914976755778 
